# Numpy-Assignment
All the Numpy Assignment will be submitted in this repository
# 1. Import the numpy package under the name np
# Already done in the import statement above.
import numpy as np
# 2. Print the numpy version and the configuration
print(np.__version__)
print(np.show_config())
1.26.2
{
  "Compilers": {
    "c": {
      "name": "msvc",
      "linker": "link",
      "version": "19.29.30153",
      "commands": "cl.exe"
    },
    "cython": {
      "name": "cython",
      "linker": "cython",
      "version": "3.0.0",
      "commands": "cython"
    },
    "c++": {
      "name": "msvc",
      "linker": "link",
      "version": "19.29.30153",
      "commands": "cl.exe"
    }
  },
  "Machine Information": {
    "host": {
      "cpu": "x86_64",
      "family": "x86_64",
      "endian": "little",
      "system": "windows"
    },
    "build": {
      "cpu": "x86_64",
      "family": "x86_64",
      "endian": "little",
      "system": "windows"
    }
  },
  "Build Dependencies": {
    "blas": {
      "name": "mkl-sdl",
      "found": true,
      "version": "2023.1",
      "detection method": "pkgconfig",
      "include directory": "C:/Users/ZIDAN/.conda/envs/arewads3.11/Library/include",
      "lib directory": "C:/Users/ZIDAN/.conda/envs/arewads3.11/Library/lib",
      "openblas configuration": "unknown",
      "pc file directory": "C:\\b\\abs_7267ja_mqz\\croot\\numpy_and_numpy_base_1701295083047\\_h_env\\Library\\lib\\pkgconfig"
    },
    "lapack": {
      "name": "dep1610466607184",
      "found": true,
      "version": "1.26.2",
      "detection method": "internal",
      "include directory": "unknown",
      "lib directory": "unknown",
      "openblas configuration": "unknown",
      "pc file directory": "unknown"
    }
  },
  "Python Information": {
    "path": "C:\\b\\abs_7267ja_mqz\\croot\\numpy_and_numpy_base_1701295083047\\_h_env\\python.exe",
    "version": "3.11"
  },
  "SIMD Extensions": {
    "baseline": [
      "SSE",
      "SSE2",
      "SSE3"
    ],
    "found": [
      "SSSE3",
      "SSE41",
      "POPCNT",
      "SSE42",
      "AVX",
      "F16C",
      "FMA3",
      "AVX2"
    ],
    "not found": [
      "AVX512F",
      "AVX512CD",
      "AVX512_SKX",
      "AVX512_CLX",
      "AVX512_CNL",
      "AVX512_ICL"
    ]
  }
}
None
c:\Users\ZAINAB.conda\envs\arewads3.11\Lib\site-packages\numpy\__config__.py:149: UserWarning: Install `pyyaml` for better output
  warnings.warn("Install `pyyaml` for better output", stacklevel=1)
# 3. Create a null vector of size 10
null_vector = np.zeros(10)
print(null_vector)
[0. 0. 0. 0. 0. 0. 0. 0. 0. 0.]
# 4. How to find the memory size of any array
memory_size = null_vector.size * null_vector.itemsize
print("Memory size:", memory_size, "bytes")
Memory size: 80 bytes
# 5. How to get the documentation of the numpy add function from the command line
# You can use the following command in the command line or Jupyter notebook:
# python -c "import numpy as np; help(np.add)"
# 6. Create a null vector of size 10 but the fifth value which is 1
null_vector_with_one = np.zeros(10)
null_vector_with_one[4] = 1
print(null_vector_with_one)
[0. 0. 0. 0. 1. 0. 0. 0. 0. 0.]
# 7. Create a vector with values ranging from 10 to 49
vector_10_to_49 = np.arange(10, 50)
print(vector_10_to_49)
[10 11 12 13 14 15 16 17 18 19 20 21 22 23 24 25 26 27 28 29 30 31 32 33
 34 35 36 37 38 39 40 41 42 43 44 45 46 47 48 49]
# 8. Reverse a vector (first element becomes last)
reversed_vector = np.flip(vector_10_to_49)
print(reversed_vector)
[49 48 47 46 45 44 43 42 41 40 39 38 37 36 35 34 33 32 31 30 29 28 27 26
 25 24 23 22 21 20 19 18 17 16 15 14 13 12 11 10]
# 9. Create a 3x3 matrix with values ranging from 0 to 8
matrix_3x3 = np.arange(9).reshape(3, 3)
print(matrix_3x3)
[[0 1 2]
 [3 4 5]
 [6 7 8]]
# 10. Find indices of non-zero elements from [1,2,0,0,4,0]
non_zero_indices = np.nonzero([1, 2, 0, 0, 4, 0])
print(non_zero_indices)
(array([0, 1, 4], dtype=int64),)
# 11. Create a 3x3 identity matrix
identity_matrix = np.eye(3)
print(identity_matrix)
[[1. 0. 0.]
 [0. 1. 0.]
 [0. 0. 1.]]
# 12. Create a 3x3x3 array with random values
random_array = np.random.random((3, 3, 3))
print(random_array)
[[[0.89973028 0.84612376 0.41071784]
  [0.53511664 0.50650892 0.00436964]
  [0.87399317 0.91140927 0.71735287]]

 [[0.69003495 0.73660489 0.1035184 ]
  [0.41460216 0.29997975 0.50121535]
  [0.65476248 0.43099369 0.11923813]]

 [[0.80910826 0.24382331 0.6845277 ]
  [0.8538755  0.72808746 0.77145462]
  [0.47288833 0.90038792 0.45850714]]]
# 13. Create a 10x10 array with random values and find the minimum and maximum values
array_10x10 = np.random.random((10, 10))
min_value = np.min(array_10x10)
max_value = np.max(array_10x10)
print("Minimum value:", min_value)
print("Maximum value:", max_value)
Minimum value: 0.0043969088309566695
Maximum value: 0.9753401729820548
# 14. Create a random vector of size 30 and find the mean value
random_vector = np.random.random(30)
mean_value = np.mean(random_vector)
print("Mean value:", mean_value)
Mean value: 0.4469330908165808
# 15. Create a 2d array with 1 on the border and 0 inside
border_array = np.ones((5, 5))
border_array[1:-1, 1:-1] = 0
print(border_array)
[[1. 1. 1. 1. 1.]
 [1. 0. 0. 0. 1.]
 [1. 0. 0. 0. 1.]
 [1. 0. 0. 0. 1.]
 [1. 1. 1. 1. 1.]]
# 16. How to add a border (filled with 0's) around an existing array
existing_array = np.ones((3, 3))
array_with_border = np.pad(existing_array, pad_width=1, mode='constant', constant_values=0)
print(array_with_border)
[[0. 0. 0. 0. 0.]
 [0. 1. 1. 1. 0.]
 [0. 1. 1. 1. 0.]
 [0. 1. 1. 1. 0.]
 [0. 0. 0. 0. 0.]]
# 17. Result of the following expression
print(0 * np.nan)           # nan
print(np.nan == np.nan)     # False
print(np.inf > np.nan)      # False
print(np.nan - np.nan)      # nan
print(np.nan in set([np.nan]))  # True
print(0.3 == 3 * 0.1)       # False (due to floating-point precision)
nan
False
False
nan
True
False
# 18. Create a 5x5 matrix with values 1,2,3,4 just below the diagonal
matrix_below_diagonal = np.diag(1 + np.arange(4), k=-1)
print(matrix_below_diagonal)
[[0 0 0 0 0]
 [1 0 0 0 0]
 [0 2 0 0 0]
 [0 0 3 0 0]
 [0 0 0 4 0]]
# 19. Create an 8x8 matrix and fill it with a checkerboard pattern
checkerboard_matrix = np.zeros((8, 8), dtype=int)
checkerboard_matrix[1::2, ::2] = 1
checkerboard_matrix[::2, 1::2] = 1
print(checkerboard_matrix)
[[0 1 0 1 0 1 0 1]
 [1 0 1 0 1 0 1 0]
 [0 1 0 1 0 1 0 1]
 [1 0 1 0 1 0 1 0]
 [0 1 0 1 0 1 0 1]
 [1 0 1 0 1 0 1 0]
 [0 1 0 1 0 1 0 1]
 [1 0 1 0 1 0 1 0]]
# 20. Index (x,y,z) of the 100th element in a (6,7,8) shape array
index_100th_element = np.unravel_index(99, (6, 7, 8))
print(index_100th_element)
(1, 5, 3)
# 21. Create a checkerboard 8x8 matrix using the tile function
checkerboard_tile = np.tile([[0, 1], [1, 0]], (4, 4))
print(checkerboard_tile)
[[0 1 0 1 0 1 0 1]
 [1 0 1 0 1 0 1 0]
 [0 1 0 1 0 1 0 1]
 [1 0 1 0 1 0 1 0]
 [0 1 0 1 0 1 0 1]
 [1 0 1 0 1 0 1 0]
 [0 1 0 1 0 1 0 1]
 [1 0 1 0 1 0 1 0]]
# 22. Normalize a 5x5 random matrix
random_matrix = np.random.random((5, 5))
normalized_matrix = (random_matrix - np.mean(random_matrix)) / np.std(random_matrix)
print(normalized_matrix)
[[ 1.08244788 -1.21548751  0.54308364  1.90936648  0.56438911]
 [-1.69508491 -0.42406816  1.12282198  1.4748443  -0.12192628]
 [-1.26331223  1.37723148  0.024406   -0.84989118  0.71674653]
 [-0.5147178   0.23160341  0.35889199 -1.17162141 -0.48150149]
 [-1.21080999  0.9286556  -1.19527339  0.62266045 -0.8134545 ]]
# 23. Create a custom dtype that describes a color as four unsigned bytes (RGBA)
color_dtype = np.dtype([('R', np.ubyte, 1),
                        ('G', np.ubyte, 1),
                        ('B', np.ubyte, 1),
                        ('A', np.ubyte, 1)])
print(color_dtype)
[('R', 'u1'), ('G', 'u1'), ('B', 'u1'), ('A', 'u1')]
C:\Users\ZAINAB\AppData\Local\Temp\ipykernel_2620\1426000142.py:2: FutureWarning: Passing (type, 1) or '1type' as a synonym of type is deprecated; in a future version of numpy, it will be understood as (type, (1,)) / '(1,)type'.
  color_dtype = np.dtype([('R', np.ubyte, 1),
# 24. Multiply a 5x3 matrix by a 3x2 matrix (real matrix product)
matrix_a = np.random.random((5, 3))
matrix_b = np.random.random((3, 2))
matrix_product = np.dot(matrix_a, matrix_b)
print(matrix_product)
[[0.77252915 1.10929871]
 [0.57178033 1.2938772 ]
 [0.31003597 0.76681801]
 [0.35101555 0.59800738]
 [0.09554129 0.80161745]]
# 25. Given a 1D array, negate all elements which are between 3 and 8, in place
array_1d = np.arange(10)
array_1d[(array_1d > 3) & (array_1d < 8)] *= -1
print(array_1d)
[ 0  1  2  3 -4 -5 -6 -7  8  9]
# 26. Output of the following script
# The script prints the sum of the range with an initial value of -1, both in Python and numpy.
# The output would be 9 for both print statements.
# 27. Which of these expressions are legal for an integer vector Z?
# Z**Z           # Legal
# 2 << Z >> 2    # Legal
# Z <- Z         # Legal
# 1j*Z           # Legal
# Z/1/1          # Legal
# Z<Z>Z          # Illegal, cannot chain comparisons like this in numpy
# 28. Result of the following expressions
np.array(0) / np.array(0)      # nan
np.array(0) // np.array(0)     # 0
np.array([np.nan]).astype(int).astype(float)   # array([-9.22337204e+18])
array([-2.14748365e+09])
# 29. How to round away from zero a float array?
float_array = np.random.uniform(-5, 5, 10)
rounded_array = np.trunc(float_array + np.copysign(0.5, float_array))
print(rounded_array)
[-3. -2.  0.  5.  5. -4.  1. -0.  0.  2.]
# 30. How to find common values between two arrays?
array1 = np.array([1, 2, 3, 4, 5])
array2 = np.array([3, 4, 5, 6, 7])
common_values = np.intersect1d(array1, array2)
print(common_values)
[3 4 5]
# 31. Ignore all numpy warnings (not recommended)
np.seterr(all='ignore')
{'divide': 'ignore', 'over': 'ignore', 'under': 'ignore', 'invalid': 'ignore'}
# 32. Is the following expression true?
np.sqrt(-1) == np.emath.sqrt(-1)
# False, as numpy's emath.sqrt returns a complex number with imaginary part while sqrt(-1) returns nan
False
# 33. Get the dates of yesterday, today, and tomorrow
today = np.datetime64('today', 'D')
yesterday = today - np.timedelta64(1, 'D')
tomorrow = today + np.timedelta64(1, 'D')
print("Yesterday:", yesterday)
print("Today:", today)
print("Tomorrow:", tomorrow)
Yesterday: 2024-02-15
Today: 2024-02-16
Tomorrow: 2024-02-17
# 34. Get all the dates corresponding to the month of July 2016
dates_july_2016 = np.arange('2016-07', '2016-08', dtype='datetime64[D]')
print(dates_july_2016)
['2016-07-01' '2016-07-02' '2016-07-03' '2016-07-04' '2016-07-05'
 '2016-07-06' '2016-07-07' '2016-07-08' '2016-07-09' '2016-07-10'
 '2016-07-11' '2016-07-12' '2016-07-13' '2016-07-14' '2016-07-15'
 '2016-07-16' '2016-07-17' '2016-07-18' '2016-07-19' '2016-07-20'
 '2016-07-21' '2016-07-22' '2016-07-23' '2016-07-24' '2016-07-25'
 '2016-07-26' '2016-07-27' '2016-07-28' '2016-07-29' '2016-07-30'
 '2016-07-31']
# 35. Compute ((A+B)*(-A/2)) in place (without copy)
A = np.ones(3)
B = np.ones(3) * 2
np.multiply(A + B, np.negative(A) / 2, out=(A + B))
array([-1.5, -1.5, -1.5])
# 36. Extract the integer part of a random array of positive numbers using 4 different methods
random_array = np.random.uniform(0, 10, 5)

method1 = random_array.astype(int)
method2 = np.floor(random_array)
method3 = np.ceil(random_array) - 1
method4 = np.trunc(random_array)

print("Method 1:", method1)
print("Method 2:", method2)
print("Method 3:", method3)
print("Method 4:", method4)
Method 1: [9 9 9 6 3]
Method 2: [9. 9. 9. 6. 3.]
Method 3: [9. 9. 9. 6. 3.]
Method 4: [9. 9. 9. 6. 3.]
# 37. Create a 5x5 matrix with row values ranging from 0 to 4
matrix_0_to_4 = np.zeros((5, 5)) + np.arange(5)
print(matrix_0_to_4)
[[0. 1. 2. 3. 4.]
 [0. 1. 2. 3. 4.]
 [0. 1. 2. 3. 4.]
 [0. 1. 2. 3. 4.]
 [0. 1. 2. 3. 4.]]
# 38. Consider a generator function that generates 10 integers and use it to build an array
def generator_function():
    for i in range(10):
        yield i

array_from_generator = np.fromiter(generator_function(), dtype=int)
print(array_from_generator)
[0 1 2 3 4 5 6 7 8 9]
# 39. Create a vector of size 10 with values ranging from 0 to 1, both excluded
vector_excluded = np.linspace(0, 1, 12)[1:-1]
print(vector_excluded)
[0.09090909 0.18181818 0.27272727 0.36363636 0.45454545 0.54545455
 0.63636364 0.72727273 0.81818182 0.90909091]
# 40. Create a random vector of size 10 and sort it
random_vector = np.random.random(10)
sorted_vector = np.sort(random_vector)
print(sorted_vector)
[0.02439483 0.19795691 0.25051549 0.25826541 0.34774548 0.49625318
 0.55077446 0.68637411 0.7490436  0.85968102]
# 41. How to sum a small array faster than np.sum?
# For a small array, using np.add.reduce() is faster than np.sum().
small_array = np.arange(10)
sum_faster = np.add.reduce(small_array)
print(sum_faster)
45
# 42. Consider two random arrays A and B, check if they are equal
A = np.random.random(5)
B = np.random.random(5)
are_equal = np.array_equal(A, B)
print(are_equal)
False
# 43. Make an array immutable (read-only)
immutable_array = np.zeros(5)
immutable_array.flags.writeable = False
# 44. Convert cartesian coordinates to polar coordinates
cartesian_coordinates = np.random.random((10, 2))
x, y = cartesian_coordinates[:, 0], cartesian_coordinates[:, 1]
r = np.sqrt(x**2 + y**2)
theta = np.arctan2(y, x)
polar_coordinates = np.column_stack((r, theta))
print(polar_coordinates)
[[0.65814776 1.1273935 ]
 [0.63415654 0.0270626 ]
 [0.19324001 0.79665972]
 [0.97877418 0.2573607 ]
 [0.81348738 0.41341836]
 [0.70912093 1.18655002]
 [0.62675193 1.25707688]
 [0.84146012 0.67203684]
 [0.67691328 1.56429555]
 [0.64418535 1.24215297]]
# 45. Create random vector of size 10 and replace the maximum value by 0
random_vector_max_replaced = np.random.random(10)
random_vector_max_replaced[random_vector_max_replaced.argmax()] = 0
print(random_vector_max_replaced)
[0.1782291  0.03699765 0.7364087  0.3665523  0.32141636 0.22139679
 0.10047753 0.053982   0.04417023 0.        ]
# 46. Create a structured array with x and y coordinates covering the [0,1]x[0,1] area
structured_array = np.zeros((5, 5), dtype=[('x', float), ('y', float)])
structured_array['x'], structured_array['y'] = np.meshgrid(np.linspace(0, 1, 5), np.linspace(0, 1, 5))
print(structured_array)
[[(0.  , 0.  ) (0.25, 0.  ) (0.5 , 0.  ) (0.75, 0.  ) (1.  , 0.  )]
 [(0.  , 0.25) (0.25, 0.25) (0.5 , 0.25) (0.75, 0.25) (1.  , 0.25)]
 [(0.  , 0.5 ) (0.25, 0.5 ) (0.5 , 0.5 ) (0.75, 0.5 ) (1.  , 0.5 )]
 [(0.  , 0.75) (0.25, 0.75) (0.5 , 0.75) (0.75, 0.75) (1.  , 0.75)]
 [(0.  , 1.  ) (0.25, 1.  ) (0.5 , 1.  ) (0.75, 1.  ) (1.  , 1.  )]]
# 47. Given two arrays, X and Y, construct the Cauchy matrix C (Cij = 1/(xi - yj))
X = np.arange(1, 6)
Y = X + 5
Cauchy_matrix = 1 / (X[:, np.newaxis] - Y)
print(Cauchy_matrix)
[[-0.2        -0.16666667 -0.14285714 -0.125      -0.11111111]
 [-0.25       -0.2        -0.16666667 -0.14285714 -0.125     ]
 [-0.33333333 -0.25       -0.2        -0.16666667 -0.14285714]
 [-0.5        -0.33333333 -0.25       -0.2        -0.16666667]
 [-1.         -0.5        -0.33333333 -0.25       -0.2       ]]
for dtype in np.sctypes['int'] + np.sctypes['uint'] + np.sctypes['float']:
    if np.issubdtype(dtype, np.integer):
        info = np.iinfo(dtype)
        print(f"{dtype.__name__}: Min={info.min}, Max={info.max}")
    elif np.issubdtype(dtype, np.floating):
        info = np.finfo(dtype)
        print(f"{dtype.__name__}: Min={info.min}, Max={info.max}")
    else:
        print(f"{dtype.__name__}: Not an integer or float type")
int8: Min=-128, Max=127
int16: Min=-32768, Max=32767
int32: Min=-2147483648, Max=2147483647
int64: Min=-9223372036854775808, Max=9223372036854775807
uint8: Min=0, Max=255
uint16: Min=0, Max=65535
uint32: Min=0, Max=4294967295
uint64: Min=0, Max=18446744073709551615
float16: Min=-65504.0, Max=65504.0
float32: Min=-3.4028234663852886e+38, Max=3.4028234663852886e+38
float64: Min=-1.7976931348623157e+308, Max=1.7976931348623157e+308
# 49. How to print all the values of an array?
np.set_printoptions(threshold=np.inf)
print(np.arange(100).reshape(10, 10))
[[ 0  1  2  3  4  5  6  7  8  9]
 [10 11 12 13 14 15 16 17 18 19]
 [20 21 22 23 24 25 26 27 28 29]
 [30 31 32 33 34 35 36 37 38 39]
 [40 41 42 43 44 45 46 47 48 49]
 [50 51 52 53 54 55 56 57 58 59]
 [60 61 62 63 64 65 66 67 68 69]
 [70 71 72 73 74 75 76 77 78 79]
 [80 81 82 83 84 85 86 87 88 89]
 [90 91 92 93 94 95 96 97 98 99]]
# 50. Find the closest value (to a given scalar) in a vector
vector = np.random.random(10)
scalar = 0.5
closest_value = vector[(np.abs(vector - scalar)).argmin()]
print(closest_value)
0.5055368930204434
# 51. Create a structured array representing a position (x, y) and a color (r, g, b)
structured_array_position_color = np.zeros(5, dtype=[('position', [('x', float), ('y', float)]),
                                                     ('color', [('r', float), ('g', float), ('b', float)])])
print(structured_array_position_color)
[((0., 0.), (0., 0., 0.)) ((0., 0.), (0., 0., 0.))
 ((0., 0.), (0., 0., 0.)) ((0., 0.), (0., 0., 0.))
 ((0., 0.), (0., 0., 0.))]

 # 52. Consider a random vector with shape (100, 2) representing coordinates, find point by point distances
coordinates = np.random.random((100, 2))
distances = np.sqrt(np.sum((coordinates - coordinates[:, np.newaxis])**2, axis=-1))
print(distances)
[[0.         0.16744063 0.35380704 0.19981619 0.83549514 0.28343898
  0.27398801 0.7028817  0.30948746 0.41457714 0.58044319 0.37425098
  0.10840121 0.44165234 0.47630023 0.59627774 0.57861031 0.62525914
  0.62222974 0.22879388 0.67683565 0.20374005 0.38191775 0.47066919
  0.40826509 0.31061346 0.65660065 0.45763041 0.33159185 0.48431749
  0.17732793 0.59454825 0.29078951 0.27747299 0.41253659 0.57704224
  0.64580391 0.78726891 0.52080096 0.03793207 0.58087336 0.36505431
  0.29512423 0.4688248  0.38806752 0.20235616 0.33141472 0.31553693
  0.2635565  0.41811919 0.82978296 0.71828906 0.37419471 0.15368104
  0.40080727 0.30700367 0.79385269 0.4424628  0.33983078 0.25478553
  0.53343168 0.51566114 0.53195515 0.26663308 0.78048313 0.59700489
  0.50187572 0.29789115 0.61489324 0.45791582 0.73396478 0.48678475
  0.09777597 0.19083691 0.47592706 0.14928037 0.45313784 0.69180789
  0.59188191 0.90103564 0.61816588 0.28734637 0.43498799 0.81403529
  0.53936055 0.22728721 0.39488111 0.2917567  0.56100834 0.478469
  0.90928654 0.71017122 0.78402283 0.42883601 0.32223291 0.84028711
  0.17774674 0.67043398 0.58499302 0.53706515]
 [0.16744063 0.         0.51034239 0.2784653  0.97423559 0.23638229
  0.20170142 0.85964943 0.47659421 0.56446876 0.73174787 0.48809363
  0.13099773 0.60849491 0.60903925 0.67741069 0.70874376 0.77414514
  0.75482285 0.18269726 0.83711316 0.24263507 0.39301933 0.63746427
  0.40675896 0.47521164 0.75205255 0.61882656 0.46912511 0.65089453
  0.1574515  0.68189905 0.29378046 0.3815117  0.57100434 0.74107273
  0.80275799 0.94997073 0.6807082  0.13763472 0.72964618 0.3705334
  0.36680584 0.59465142 0.55518026 0.35632103 0.3289722  0.24711778
  0.35353575 0.47393351 0.97582178 0.85998095 0.33448117 0.21736685
  0.45020374 0.4255823  0.95684546 0.57317158 0.33621832 0.3090841
  0.68816775 0.65812695 0.69184302 0.22691747 0.94588409 0.66548025
  0.66595319 0.28652307 0.70844232 0.59750957 0.90057511 0.59994962
  0.16243761 0.28594632 0.60618974 0.20025628 0.59664478 0.81129467
  0.62717013 1.05336964 0.70193257 0.27230896 0.50814649 0.98000664
  0.70159228 0.35220778 0.51035708 0.39927105 0.68118169 0.49656344
  1.05701454 0.87412334 0.9224178  0.58369828 0.26704568 0.98553565
  0.01417956 0.81499243 0.6963838  0.70122796]
 [0.35380704 0.51034239 0.         0.29541491 0.74059466 0.48460989
  0.50910931 0.34966046 0.17510388 0.36703529 0.22834617 0.4737722
  0.45355545 0.22793823 0.47801762 0.70916852 0.26896799 0.27502354
  0.30196879 0.56726828 0.32762712 0.49765843 0.6494677  0.17998367
  0.68399102 0.08197181 0.72505098 0.31570638 0.1046047  0.26241454
  0.423855   0.69390399 0.58674948 0.44701151 0.31307651 0.37120741
  0.48628925 0.44337385 0.17176448 0.39133347 0.2315277  0.64193228
  0.51209558 0.19602131 0.19152148 0.15402186 0.44226981 0.52745311
  0.46630802 0.61863367 0.48033475 0.37582057 0.5215158  0.33338069
  0.61564264 0.17649261 0.56862272 0.46357664 0.44767828 0.51166564
  0.41403605 0.46556974 0.18276393 0.46851571 0.53114098 0.73601236
  0.17190175 0.44292465 0.69567558 0.14190057 0.47013718 0.24795651
  0.42874913 0.27057122 0.18616009 0.35075416 0.12522208 0.68657705
  0.7902337  0.73683237 0.72115113 0.44432718 0.60140289 0.4862975
  0.36123256 0.19086042 0.48140907 0.21094205 0.58053294 0.71950024
  0.76737527 0.37183032 0.69691412 0.34635964 0.51435073 0.7168132
  0.52291907 0.32488904 0.62511868 0.33886646]
 [0.19981619 0.2784653  0.29541491 0.         0.94835379 0.18930377
  0.21503033 0.62368061 0.35727197 0.5258676  0.48731295 0.53914957
  0.29844616 0.47660401 0.61337361 0.77526346 0.43822865 0.52379
  0.48541158 0.41444595 0.6125879  0.40354714 0.58172878 0.46439599
  0.60773312 0.30206044 0.82469442 0.53046096 0.21802292 0.51912852
  0.14273882 0.76983732 0.48961021 0.45689495 0.50017457 0.62663445
  0.72253076 0.73173767 0.46189072 0.22705213 0.4804944  0.5646823
  0.48801724 0.3234589  0.42410459 0.17187223 0.1688556  0.23216844
  0.45138434 0.61188106 0.71713662 0.59756394 0.23927851 0.06113126
  0.5965247  0.15667836 0.8396854  0.58448409 0.17640982 0.4529092
  0.62322172 0.63464043 0.47230463 0.17310081 0.81114772 0.7824213
  0.46720328 0.15530265 0.78546868 0.339751   0.75423782 0.32273688
  0.29620378 0.02702539 0.33808745 0.0784911  0.34455937 0.8364038
  0.78811158 0.98262847 0.79509107 0.15343528 0.62229025 0.7809001
  0.60117424 0.1046579  0.55694267 0.12451563 0.70953545 0.67784822
  1.00213476 0.66439215 0.89894228 0.52623287 0.22049696 0.9404074
  0.29264475 0.55697548 0.74170018 0.58838656]
 [0.83549514 0.97423559 0.74059466 0.94835379 0.         1.10699616
  1.10634842 0.77751735 0.59864974 0.42526396 0.79869228 0.49621487
  0.84515778 0.51334663 0.36559642 0.44377165 0.93974466 0.83210149
  0.94418089 0.86896476 0.72254886 0.76093088 0.73511846 0.58681744
  0.76079834 0.68014839 0.35525196 0.42854914 0.84068352 0.48423913
  1.00632236 0.41831526 0.77763314 0.60162094 0.44932798 0.38740977
  0.26351823 0.71489125 0.70323742 0.84852221 0.81992435 0.75213086
  0.64498317 0.92010544 0.55124095 0.7836046  1.11714671 1.14436456
  0.63679591 0.60799439 0.94489488 0.92615318 1.18278607 0.94533831
  0.63314024 0.90125973 0.32162772 0.40184651 1.1247588  0.70411914
  0.33014946 0.31998109 0.70412811 1.08910361 0.38474389 0.49610092
  0.64459885 1.09841654 0.38218591 0.85057514 0.42827999 0.9780274
  0.81211315 0.9224637  0.90232803 0.95310148 0.82763205 0.21428145
  0.62720159 0.17161585 0.42418657 1.09265679 0.55064159 0.63788435
  0.38231663 0.87155982 0.47407335 0.92650804 0.3133258  0.69760436
  0.12534913 0.66487331 0.05181966 0.42213984 1.14535363 0.06705679
  0.97771435 0.88350794 0.3249488  0.40932074]
 [0.28343898 0.23638229 0.48460989 0.18930377 1.10699616 0.
  0.04611684 0.80534936 0.53320081 0.68181867 0.66727236 0.65768498
  0.33307467 0.65867764 0.75510485 0.87590236 0.59670367 0.69999449
  0.64428203 0.41714307 0.79784824 0.45485331 0.62151685 0.65266535
  0.63872352 0.48826497 0.93939282 0.70278483 0.40209747 0.70184684
  0.10644902 0.87572748 0.52203484 0.55963884 0.66641704 0.80714588
  0.89574876 0.91763553 0.64952006 0.28623786 0.65818217 0.60014899
  0.56769445 0.4853308  0.6049585  0.35510502 0.10761949 0.04286558
  0.5420497  0.68600285 0.88420992 0.76284652 0.09895301 0.16588013
  0.66509662 0.33281359 1.02257905 0.72249134 0.11249195 0.51763433
  0.79043813 0.78784736 0.65973559 0.01798531 0.9968535  0.87240621
  0.65645931 0.0685159  0.89731596 0.51558067 0.94124881 0.46829997
  0.35041271 0.21494926 0.50393199 0.15505325 0.52381614 0.97362396
  0.85054334 1.15566453 0.89860069 0.05641939 0.71066867 0.96941266
  0.77803894 0.29375055 0.6782418  0.29563556 0.84319354 0.72459347
  1.17073925 0.85210018 1.05622607 0.68881336 0.03890584 1.10546589
  0.24703981 0.72713991 0.8682837  0.76804593]
 [0.27398801 0.20170142 0.50910931 0.21503033 1.10634842 0.04611684
  0.         0.83725605 0.5437005  0.68222502 0.69989934 0.64635699
  0.30931439 0.67197059 0.74990504 0.85804416 0.63549709 0.73423475
  0.68313891 0.3842557  0.82744439 0.43071311 0.59236827 0.67219934
  0.60773194 0.50600742 0.92489184 0.71008747 0.43211564 0.71540558
  0.10046597 0.85921984 0.49276084 0.5453945  0.67112492 0.81868646
  0.90259009 0.9467239  0.67684593 0.27074174 0.69177719 0.57040949
  0.54771869 0.52295538 0.61773205 0.37215024 0.15373428 0.04599554
  0.52508782 0.66332048 0.92159821 0.80051976 0.13496602 0.1796893
  0.6414005  0.36565202 1.03530031 0.71633725 0.15852    0.49511369
  0.79478489 0.78645004 0.68729439 0.05059125 1.01221557 0.85194869
  0.68027019 0.11412935 0.88226415 0.5495479  0.95823134 0.50872796
  0.33021925 0.2387056  0.54074047 0.16519953 0.55649216 0.96567527
  0.82407614 1.1616661  0.88134278 0.10126735 0.69103808 0.99527697
  0.78739811 0.31925601 0.66747437 0.32936291 0.83479535 0.69583596
  1.17440556 0.8792741  1.05518197 0.69178797 0.06613646 1.10761231
  0.21102765 0.76342981 0.85757617 0.77917211]
 [0.7028817  0.85964943 0.34966046 0.62368061 0.77751735 0.80534936
  0.83725605 0.         0.45094051 0.56919779 0.13872027 0.72942915
  0.79974346 0.37901057 0.6711254  0.92719488 0.2646202  0.11818562
  0.23569465 0.90930628 0.05561845 0.82865813 0.95974097 0.287725
  0.99578486 0.4002083  0.90942733 0.46815265 0.40565953 0.3696039
  0.76232456 0.90512888 0.91274851 0.74198776 0.50513388 0.41316312
  0.52611644 0.13185336 0.1848939  0.74013435 0.15139325 0.95683494
  0.81484956 0.33993582 0.39894163 0.50351335 0.73774903 0.84687666
  0.7706169  0.90007937 0.17597173 0.15856582 0.81783114 0.67166769
  0.90448042 0.47253626 0.48754608 0.6749598  0.74076905 0.82943699
  0.53101277 0.62295588 0.17403319 0.7914188  0.4242553  0.96752247
  0.22410426 0.75133293 0.89374595 0.29189483 0.36307156 0.38437953
  0.77272854 0.60269082 0.31686313 0.69000302 0.28166459 0.81967768
  1.05286253 0.69512044 0.93072442 0.75662917 0.86753755 0.2209907
  0.44456485 0.52278826 0.72790149 0.50985875 0.75738955 1.01181501
  0.74649812 0.12126548 0.75129796 0.53238057 0.82860062 0.7276637
  0.87236081 0.13434275 0.80708335 0.41287594]
 [0.30948746 0.47659421 0.17510388 0.35727197 0.59864974 0.53320081
  0.5437005  0.45094051 0.         0.19617631 0.36335455 0.30261239
  0.3809428  0.13238995 0.30495124 0.5346038  0.4393242  0.4121647
  0.46733145 0.47537762 0.41106968 0.38367531 0.50907054 0.17527451
  0.54502556 0.09486504 0.55041063 0.17365463 0.25553688 0.17549573
  0.44511576 0.51894966 0.4639042  0.2932533  0.15115115 0.27505304
  0.36525919 0.50626551 0.27055491 0.33999992 0.37423396 0.50589455
  0.36480501 0.37075959 0.07858952 0.18700338 0.52510447 0.574306
  0.32007793 0.45880162 0.60943617 0.52113447 0.5962726  0.3673443
  0.45968024 0.30631735 0.49210616 0.28883152 0.53226119 0.37894099
  0.26921328 0.30069146 0.28034159 0.51535354 0.47324167 0.56292365
  0.22766016 0.51182609 0.5206074  0.31559256 0.42475107 0.42068456
  0.34863487 0.33046944 0.36123654 0.37944746 0.29685193 0.51935839
  0.62441058 0.62539185 0.54619441 0.5083419  0.43506451 0.51686555
  0.24496723 0.27325078 0.30844822 0.32882045 0.4078351  0.5663218
  0.64547528 0.42533825 0.55117758 0.18222016 0.56932639 0.58560268
  0.48620797 0.46829734 0.45128706 0.23547311]
 [0.41457714 0.56446876 0.36703529 0.5258676  0.42526396 0.68181867
  0.68222502 0.56919779 0.19617631 0.         0.51732798 0.17351673
  0.44168614 0.19111667 0.11215137 0.36135245 0.61967189 0.5636611
  0.64129373 0.49604503 0.51884206 0.38661649 0.44338936 0.28653449
  0.4786025  0.2900849  0.36148472 0.10699065 0.45170187 0.20238613
  0.58192723 0.34146414 0.43785353 0.23605862 0.06446947 0.22366652
  0.2433276  0.5834461  0.41418254 0.43184864 0.53297955 0.44953043
  0.30572653 0.56273134 0.18873996 0.36756032 0.69410584 0.71950287
  0.2747131  0.35081566 0.74198948 0.67339714 0.75804725 0.5202372
  0.3626396  0.49980576 0.41416761 0.1066209  0.70188828 0.34905644
  0.12727595 0.10901334 0.42110066 0.66390963 0.42234421 0.39894873
  0.35633894 0.6738808  0.3364567  0.50268766 0.39825422 0.61476792
  0.40703088 0.50062039 0.55108526 0.5278401  0.48206594 0.32349513
  0.48657012 0.48890667 0.36814296 0.66779024 0.30806719 0.56056796
  0.17463883 0.45720518 0.16544963 0.51917158 0.21372658 0.46641774
  0.49477613 0.50439518 0.37477168 0.03912436 0.7201238  0.42593083
  0.57006724 0.62144535 0.25956794 0.19329715]
 [0.58044319 0.73174787 0.22834617 0.48731295 0.79869228 0.66727236
  0.69989934 0.13872027 0.36335455 0.51732798 0.         0.66076293
  0.68170382 0.3299275  0.62700377 0.87825361 0.15387507 0.04888208
  0.14658733 0.79555494 0.14516936 0.72322583 0.86734561 0.23427136
  0.90270953 0.29338566 0.87448102 0.42911396 0.269772   0.33684104
  0.62738976 0.85878224 0.8108547  0.65564544 0.45349834 0.41335892
  0.53626288 0.26197854 0.10405897 0.61822323 0.02221666 0.86180397
  0.72546009 0.20480778 0.33110963 0.37837706 0.59906651 0.7086201
  0.67999642 0.82209165 0.2525303  0.15824362 0.67920381 0.53719407
  0.82291651 0.33455331 0.54395644 0.62351342 0.60213427 0.73208064
  0.5106842  0.59136728 0.0990916  0.65357076 0.4874131  0.91322342
  0.16477767 0.61270796 0.85279739 0.1531849  0.42172078 0.25415761
  0.65709387 0.46722054 0.18119172 0.55571064 0.14348618 0.80392669
  0.98522654 0.74431531 0.8854673  0.61813161 0.79640726 0.33703701
  0.43095118 0.38825298 0.66316388 0.37164876 0.72240062 0.92930249
  0.78913869 0.21796921 0.76496165 0.48487077 0.69008423 0.75759256
  0.74485556 0.1054234  0.77118265 0.39975507]
 [0.37425098 0.48809363 0.4737722  0.53914957 0.49621487 0.65768498
  0.64635699 0.72942915 0.30261239 0.17351673 0.66076293 0.
  0.35711648 0.35197297 0.138058   0.24258152 0.74128536 0.70897395
  0.76994384 0.37299204 0.6817431  0.26475709 0.27580561 0.44190675
  0.30977168 0.3918173  0.28575039 0.27980023 0.53466205 0.37127619
  0.55152493 0.23304835 0.28950877 0.10712243 0.23083701 0.39528343
  0.39033844 0.75370891 0.56169065 0.37619165 0.67354593 0.28515031
  0.15288666 0.66518147 0.33250236 0.41649392 0.69649006 0.68913739
  0.14065307 0.1773622  0.89812525 0.81897461 0.74688899 0.51397965
  0.1895336  0.56294421 0.56979274 0.10330274 0.70482376 0.20922017
  0.28256579 0.20626112 0.57010588 0.64080849 0.58668683 0.26313005
  0.50875155 0.66741642 0.24637721 0.6156496  0.5683715  0.70974095
  0.32658616 0.51844686 0.65853563 0.51553573 0.59803074 0.32329392
  0.32486701 0.60324979 0.25939427 0.65817184 0.13818985 0.73388215
  0.34618368 0.50082365 0.02243752 0.5716112  0.19314559 0.29294083
  0.59376388 0.67365281 0.44491162 0.21242848 0.69648358 0.51861022
  0.48966241 0.76618489 0.21125875 0.36657712]
 [0.10840121 0.13099773 0.45355545 0.29844616 0.84515778 0.33307467
  0.30931439 0.79974346 0.3809428  0.44168614 0.68170382 0.35711648
  0.         0.50869901 0.47961057 0.551414   0.68623243 0.72756285
  0.72941146 0.12040873 0.7703034  0.12180939 0.29287077 0.55199363
  0.31466032 0.40131474 0.62322459 0.5054664  0.43896144 0.54922999
  0.23151187 0.55444041 0.19553165 0.25052343 0.45495489 0.63119591
  0.68319792 0.87687628 0.6157207  0.07310494 0.6834347  0.27321001
  0.24004761 0.57703256 0.45795093 0.30635515 0.40468107 0.35500137
  0.22326145 0.35401543 0.93270151 0.8231036  0.43105535 0.24402777
  0.33236494 0.4152423  0.8437794  0.4435179  0.41285064 0.18582927
  0.56751257 0.53111114 0.62680723 0.31914531 0.83794419 0.54308333
  0.59091064 0.36585357 0.57982623 0.56423074 0.79707311 0.59506954
  0.03482173 0.29376669 0.58375047 0.23385048 0.55841176 0.68029757
  0.51774759 0.9294759  0.57539473 0.35312066 0.38304606 0.89624721
  0.58888872 0.33559348 0.37939729 0.39888263 0.55022812 0.39438889
  0.93073994 0.79794347 0.79334551 0.4641371  0.36927681 0.85840533
  0.13290249 0.77440527 0.56555215 0.59196934]
 [0.44165234 0.60849491 0.22793823 0.47660401 0.51334663 0.65867764
  0.67197059 0.37901057 0.13238995 0.19111667 0.3299275  0.35197297
  0.50869901 0.         0.29793363 0.55191867 0.44596475 0.37491549
  0.46164434 0.59578368 0.33003703 0.49695824 0.59906394 0.09621123
  0.63532071 0.17832585 0.54456979 0.10019928 0.33030637 0.04352147
  0.57458978 0.5312504  0.56929853 0.37924558 0.1266782  0.15048328
  0.25889475 0.40551739 0.22592706 0.47146776 0.34703118 0.59999432
  0.45373116 0.40933097 0.05452791 0.30495095 0.64083671 0.70050532
  0.41284786 0.52595272 0.55098253 0.48397659 0.71541316 0.4936023
  0.53297198 0.39614656 0.36390268 0.29762277 0.64745792 0.48052408
  0.19189331 0.26252428 0.23195897 0.64103601 0.34151943 0.59006177
  0.16638793 0.63187978 0.52359768 0.34179423 0.292381   0.4663268
  0.47539303 0.44958205 0.39316558 0.50690656 0.31927762 0.47962668
  0.67408508 0.51352002 0.55758924 0.62974655 0.49011745 0.4001358
  0.13351877 0.38271422 0.34929881 0.42574782 0.39249114 0.63989868
  0.54098541 0.32439694 0.47078816 0.15608845 0.69367324 0.48895077
  0.61786341 0.43258159 0.44126247 0.11383637]
 [0.47630023 0.60903925 0.47801762 0.61337361 0.36559642 0.75510485
  0.74990504 0.6711254  0.30495124 0.11215137 0.62700377 0.138058
  0.47961057 0.29793363 0.         0.25614863 0.73178396 0.67263913
  0.75300421 0.50830626 0.61900083 0.3986575  0.4076734  0.39413756
  0.43979925 0.3996803  0.24940747 0.20301708 0.55938481 0.30152439
  0.65128075 0.23412326 0.42755398 0.23829954 0.17391764 0.29095373
  0.26013486 0.67325858 0.52331838 0.48603712 0.64324359 0.41932459
  0.29093601 0.67396418 0.30052945 0.46507863 0.77897612 0.79014658
  0.27520598 0.29443299 0.84569255 0.78189199 0.83771565 0.59973351
  0.31302101 0.60327217 0.44068663 0.03648872 0.78703792 0.34637369
  0.16483688 0.0724498  0.52972377 0.73752147 0.46451908 0.29867092
  0.46430312 0.75493917 0.22580027 0.6146266  0.45518803 0.72525958
  0.44673481 0.58952249 0.66274345 0.60481982 0.59411528 0.22323026
  0.40051563 0.46530439 0.26006958 0.74745124 0.24178715 0.63917653
  0.24441532 0.55450138 0.1181469  0.6198675  0.10291198 0.40646482
  0.45736698 0.59689153 0.31380166 0.14213955 0.79393845 0.38284757
  0.61227103 0.73036611 0.14747971 0.27150579]
 [0.59627774 0.67741069 0.70916852 0.77526346 0.44377165 0.87590236
  0.85804416 0.92719488 0.5346038  0.36135245 0.87825361 0.24258152
  0.551414   0.55191867 0.25614863 0.         0.97292486 0.92488255
  0.99806189 0.52101428 0.87514939 0.43489193 0.33252441 0.64775158
  0.34791561 0.62751317 0.09557243 0.45904235 0.77582438 0.55760001
  0.76976931 0.0273717  0.40761907 0.31988541 0.42569317 0.53929536
  0.47764747 0.92681523 0.77542591 0.58966566 0.89339338 0.35453488
  0.31138239 0.90329778 0.54776252 0.65903269 0.92625389 0.90289205
  0.33387422 0.21201196 1.1015028  1.03470693 0.96976916 0.74444653
  0.23898064 0.8055246  0.64795394 0.25482917 0.9346641  0.36839219
  0.4105623  0.31212927 0.78243752 0.8600572  0.68646171 0.05378831
  0.71766069 0.89406961 0.06160083 0.8501934  0.69055706 0.94976736
  0.52791544 0.75605625 0.89518927 0.74360917 0.83131697 0.22957422
  0.18407454 0.59905676 0.02611753 0.88362379 0.16938423 0.88677753
  0.49567033 0.74273332 0.23017804 0.81387157 0.18472169 0.26660408
  0.56620475 0.85169758 0.40353184 0.39600037 0.913941   0.49357047
  0.67518297 0.98266442 0.14115379 0.52462499]
 [0.57861031 0.70874376 0.26896799 0.43822865 0.93974466 0.59670367
  0.63549709 0.2646202  0.4393242  0.61967189 0.15387507 0.74128536
  0.68623243 0.44596475 0.73178396 0.97292486 0.         0.14790615
  0.04764699 0.80572458 0.29007915 0.75132193 0.91224522 0.35730945
  0.94582781 0.35024551 0.98115638 0.54574029 0.2473292  0.46304909
  0.58046012 0.95614339 0.84239936 0.715212   0.55919405 0.55233872
  0.67622863 0.39640433 0.23685165 0.61600555 0.1319313  0.90292768
  0.77847625 0.11479323 0.43164775 0.3838866  0.51172746 0.63480072
  0.73282189 0.88727482 0.28966852 0.16833339 0.58814479 0.49637093
  0.8836183  0.28365972 0.69650005 0.7221485  0.51294605 0.77319865
  0.63602808 0.70681434 0.23700658 0.58588121 0.64087919 1.00224028
  0.2952562  0.53428302 0.95492992 0.12885878 0.57507623 0.1331561
  0.66785182 0.42496489 0.10303703 0.51490163 0.14375602 0.92552425
  1.05919127 0.89463181 0.98331595 0.54262535 0.87028179 0.48128341
  0.56287802 0.35742316 0.7477538  0.31372532 0.83193821 0.98644702
  0.93760369 0.36637311 0.90311743 0.59233232 0.61241204 0.90230042
  0.72269031 0.14394811 0.87897255 0.53319003]
 [0.62525914 0.77414514 0.27502354 0.52379    0.83210149 0.69999449
  0.73423475 0.11818562 0.4121647  0.5636611  0.04888208 0.70897395
  0.72756285 0.37491549 0.67263913 0.92488255 0.14790615 0.
  0.12577524 0.84220346 0.14325092 0.77117202 0.91611409 0.27878869
  0.95144609 0.34186492 0.91929148 0.4732603  0.30817652 0.37917236
  0.6651759  0.90508666 0.85908777 0.70452561 0.4995781  0.4497198
  0.57126969 0.24926717 0.14947915 0.66312678 0.04452581 0.91046903
  0.77432354 0.22441089 0.37850439 0.4229205  0.62698439 0.74069842
  0.72884837 0.87085464 0.20533183 0.11014788 0.70640362 0.5756737
  0.871764   0.3687322  0.56613932 0.67005969 0.62953137 0.78067628
  0.55204772 0.63504481 0.14295662 0.68693227 0.50696413 0.96045506
  0.20867789 0.64316013 0.89841193 0.18468855 0.4421165  0.26655423
  0.70353252 0.50490044 0.20204681 0.59430714 0.1796558  0.8454351
  1.03357272 0.76972768 0.93167028 0.6493749  0.84486713 0.33346101
  0.47046946 0.42726952 0.71108654 0.40491005 0.76695616 0.97817294
  0.81666577 0.22019226 0.8001184  0.53053055 0.72109224 0.7885929
  0.78741843 0.05778458 0.8159676  0.43889527]
 [0.62222974 0.75482285 0.30196879 0.48541158 0.94418089 0.64428203
  0.68313891 0.23569465 0.46733145 0.64129373 0.14658733 0.76994384
  0.72941146 0.46164434 0.75300421 0.99806189 0.04764699 0.12577524
  0.         0.84846073 0.2683846  0.79124448 0.94956658 0.36935827
  0.98355843 0.38160811 1.00227595 0.56184334 0.29064263 0.47468868
  0.62777319 0.98039313 0.8819826  0.74892375 0.57937511 0.55772009
  0.6811921  0.36701706 0.24259309 0.65980239 0.12474596 0.94094457
  0.81382024 0.1619854  0.45255754 0.42529813 0.55870558 0.68227733
  0.76805658 0.92021732 0.24320975 0.1225543  0.63470547 0.5432551
  0.91757976 0.33032425 0.68895946 0.74539317 0.55979452 0.81088953
  0.64880882 0.72401245 0.2405447  0.63350636 0.63099539 1.02915265
  0.30330542 0.58168526 0.97759526 0.16698768 0.56570901 0.1793073
  0.71014756 0.47174317 0.148636   0.56182456 0.1780674  0.94060791
  1.09033295 0.89052783 1.00745771 0.59011771 0.90106212 0.45591103
  0.57224302 0.40299214 0.77531455 0.36095376 0.85172315 1.0214124
  0.93568942 0.34545623 0.90947928 0.61207189 0.65976864 0.90391944
  0.76872518 0.10598648 0.89950014 0.54167149]
 [0.22879388 0.18269726 0.56726828 0.41444595 0.86896476 0.41714307
  0.3842557  0.90930628 0.47537762 0.49604503 0.79555494 0.37299204
  0.12040873 0.59578368 0.50830626 0.52101428 0.80572458 0.84220346
  0.84846073 0.         0.87694214 0.11041606 0.21333139 0.65013616
  0.22446501 0.50912182 0.6041987  0.57597699 0.55839657 0.6335216
  0.32667971 0.52985056 0.1170057  0.27032967 0.52261864 0.70401347
  0.73887797 0.97947956 0.72449446 0.19311457 0.79840888 0.19010594
  0.22616172 0.69714158 0.54871379 0.42396839 0.50272743 0.42978956
  0.23313285 0.31007867 1.04753493 0.93985731 0.51588857 0.35721319
  0.28404991 0.53562556 0.90893334 0.4719971  0.51048687 0.16552642
  0.62314681 0.56977283 0.73545238 0.40619912 0.91052424 0.50140617
  0.69497735 0.46146035 0.56036273 0.68264861 0.87556777 0.7154617
  0.13896893 0.41189672 0.70347688 0.34477559 0.6759718  0.68478349
  0.44939947 0.97172304 0.5466417  0.44772094 0.35363058 0.99184894
  0.65843417 0.45599712 0.39497921 0.51875809 0.56022463 0.3162776
  0.96566827 0.89929461 0.81779874 0.52495804 0.44921576 0.89095944
  0.17463594 0.89044972 0.56510069 0.66636494]
